1
2
6
10
14
18
22
26
30
34
35
39
43
44
48
52
56
60
64
68
72
73
74
78
79
80
81
82
86
87
91
95
99
103
104
105
106
107
108
109
110
114
118
122
127
128
129
130
134
138
142
146
150
151
155
159
160
164
165
169
173
177
181
185
189
193
194
198
202
206
207
211
215
219
223
227
231
232
236
237
241
242
243
244
245
246
247
248
252
256
260
261
262
263
264
265
266
267
271
275
279
284
285
286
290
294
298
302
306
307
311
315
319
